4810
48
10
7
48
10
10
7
7
7

17
17
17
7
27
35
35
35
35
35
35
33
33
33
35
35
35
35
35
33
7
2
2
0
2
33
33
30
30
25
22
25
33
33
30
30
27
30
27
25
27
27
27
27
27
27
30
30
30
30
30
27
30
30
30
30
30
30
30
30
30
30
30
30
27
25
22
22
25
27
27
27
30
27
30
30
30
30
30
30
30
30
30
25
22
25
27
30
27
27
27
27
25
27
30
27
30
27
30
27
27
30
27
20
15
12
12
12
15
15
15
12
15
15
15
17
22
22
17
12
12
15
12
15
15
12
12
15
15
15
17
22
30
35
50
190
190
190
190
190
40
35
190
190
190
190
190
190
190
190
190
190
190
190
190
190
190
190
190
190
190
190
190
190
190
190
190
190
190
190
190
190
190
190
190
190
190
190
190
185
190
187
190
190
190
190
190
190
190
190
190
190
190
190
187
190
190
190
190
190
190
190
190
190
190
190
185
190
190
190
190
190
190
190
190
190
185
190
190
190
190
190
190
190
190
190
190
190
190
190
190
190
190
190
190
190
190
190
190
190
190
185
190
190
190
190
190
190
190
190
187
190
190
190
190
190
190
190
190
190
190
190
190
190
190
190
48
190
190
27
40
40
40
40
40
38
38
38
40
40
40
38
38
38
43
190
48
38
40
190
190
185
190
190
190
190
190
190
190
190
190
190
190
190
190
190
190
190
190
190
190
190
190
190
190
190
190
190
190
190
190
190
190
190
190
190
190
187
190
190
190
190
190
190
190
190
190
190
190
190
190
190
190
190
190
190
190
190
190
185
190
190
190
190
190
190
190
190
190
190
190
190
185
190
190
190
190
190
190
190
190
190
190
190
190
190
190
190
190
190
190
190
190
190
190
190
190
190
190
190
190
190
190
190
190
190
190
187
190
190
190
190
190
190
190
190
190
190
190
190
190
190
190
190
190
190
190
190
190
190
190
190
190
190
190
190
185
190
190
190
190
190
190
190
190
190
190
190
190
190
190
190
190
190
190
190
190
190
190
190
190
190
190
190
190
190
190
190
190
190
190
190
190
190
190
190
190
190
190
190
190
190
190
190
190
190
190
190
190
190
190
190
187
190
190
190
190
190
190
190
185
190
190
190
190
190
190
190
190
190
190
190
190
190
190
190
190
190
190
190
190
190
190
190
190
190
190
190
190
190
190
190
190
190
190
190
190
190
190
7
33
38
35
35
35
38
40
38
43
40
40
38
35
35
38
38
38
38
38
38
38
38
38
38
22
25
35
22
17
15
15
15
15
15
15
17
20
17
15
15
17
17
